Grupo	ID	Coordenadas
A		1	[-0.3640841512711712,0.516901191526538,0.014491407927233357]
A		2	[-0.32452479591019007,0.9072791840077961,0.03481459729943781]
A		3	[-0.03524062571083278,1.6002855853175597,-0.00024265874377638053]
B		1	[-3.304446949794508,3.6309208700226234,0.08423014368876758]
B		2	[-3.3401657553192363,4.422919697404808,0.05927066558105509]
B		3	[-3.230982981467362,3.953393147419818,0.12730499375986415]
C		1	[3.76276982308122,5.3756906496324,0.009669827677986742]
C		2	[3.6121974903546317,5.836481356135706,0.016902314764783655]
C		3	[4.04522163799947,6.34843177842826,0.015895279425381048]
