Grupo	ID	Coordenadas
A		1	[-0.2510180853681286,0.7922834783414043,-0.00011819891136677363]
A		2	[0.07884493316699347,1.3898675508822753,-0.0001859141453981472]
A		3	[-0.12486231531435685,1.5891472207898356,-0.0002088334188217189]
B		1	[-3.279357944027816,3.7944482398184087,0.05096620865936097]
B		2	[-3.204939276477842,4.232685805485567,0.048398144199404136]
B		3	[-3.3014087225198625,4.083526590101625,0.049868669795155474]
C		1	[4.586152546633735,3.527713099826739,0.030484838585997598]
C		2	[4.6720472960607,4.0908756300686155,0.03134743547829688]
C		3	[4.790742513468475,4.199986003105631,0.028766855010626036]
C		4	[4.793185938999022,3.7722177438977615,0.026454539970140356]
C		5	[4.783380903783197,3.9410909848926825,0.028812475687547745]
